d_drv:0x00,cs0_drv:0x00,hd_drv:0x00,wp_drv:0x00
mode:DIO, clock Timestamp : 000035.780
Library   : v2.7.20

Protocol  : PANASONIC_AC
Code      : 0x0220E004000000060220E00400203480A100000660000080001677 (216 Bits)
Mesg Desc.: Model: 4 (JKE), Power: Off, Mode: 2 (Dry), Temp: 26C, Fan: 7 (Auto), Swing(V): 1 (Highest), Quiet: Off, Powerful: Off, Clock: 00:00, On Timer: Off, Off Timer: Off
uint16_t rawData[439] = {3458, 1756,  420, 480,  390, 1324,  420, 478,  390, 480,  390, 480,  390, 480,  390, 480,  390, 482,  366, 504,  366, 482,  390, 502,  390, 480,  366, 506,  366, 1350,  394, 504,  366, 506,  366, 482,  390, 504,  366, 506,  366, 506,  364, 504,  366, 1352,  394, 1348,  394, 1350,  392, 506,  364, 506,  364, 1350,  392, 506,  366, 480,  392, 480,  390, 506,  366, 506,  366, 506,  366, 504,  364, 506,  364, 480,  392, 506,  364, 506,  366, 504,  364, 506,  364, 506,  364, 506,  366, 506,  366, 480,  390, 506,  366, 506,  364, 506,  364, 506,  366, 506,  366, 506,  366, 506,  364, 506,  364, 506,  366, 506,  366, 504,  364, 506,  366, 482,  390, 1354,  390, 1352,  392, 504,  366, 506,  366, 480,  390, 506,  366, 506,  366, 10074,  3434, 1780,  394, 504,  366, 1350,  416, 482,  366, 504,  366, 506,  366, 504,  366, 506,  366, 504,  366, 504,  366, 504,  366, 480,  390, 504,  366, 480,  390, 1352,  416, 480,  390, 482,  390, 482,  390, 480,  366, 506,  366, 504,  390, 480,  390, 1328,  416, 1326,  418, 1326,  418, 480,  390, 480,  390, 1326,  418, 480,  390, 480,  390, 482,  390, 478,  390, 480,  390, 480,  390, 480,  390, 482,  390, 484,  388, 480,  390, 480,  390, 480,  390, 480,  390, 478,  392, 480,  390, 480,  390, 480,  392, 480,  392, 1326,  418, 478,  392, 480,  390, 480,  392, 478,  392, 1324,  420, 478,  392, 1326,  418, 1324,  418, 478,  392, 478,  392, 454,  418, 478,  392, 478,  392, 480,  392, 478,  392, 480,  392, 478,  392, 1324,  420, 1322,  420, 478,  392, 478,  392, 478,  392, 454,  416, 1324,  420, 478,  392, 1324,  420, 478,  392, 478,  392, 478,  392, 478,  392, 478,  394, 478,  392, 478,  392, 478,  392, 478,  392, 478,  392, 480,  392, 476,  392, 478,  392, 478,  392, 478,  392, 478,  392, 480,  392, 1324,  420, 1320,  422, 478,  392, 478,  394, 476,  394, 478,  392, 478,  392, 478,  394, 476,  394, 478,  392, 478,  392, 478,  394, 1324,  420, 1322,  420, 478,  394, 476,  394, 478,  394, 478,  392, 478,  394, 476,  394, 478,  394, 476,  392, 478,  394, 478,  394, 478,  392, 478,  394, 476,  394, 452,  418, 478,  394, 452,  418, 478,  394, 476,  394, 476,  394, 476,  394, 478,  394, 478,  394, 476,  394, 478,  394, 1322,  422, 478,  394, 476,  394, 478,  394, 478,  394, 476,  394, 476,  394, 476,  394, 478,  394, 476,  394, 1322,  422, 1322,  422, 478,  394, 1322,  422, 476,  394, 476,  394, 478,  394, 1322,  422, 1322,  422, 1322,  422, 476,  394, 1322,  422, 1322,  420, 1322,  422, 476,  394};  // PANASONIC_AC
uint8_t state[27] = {0x02, 0x20, 0xE0, 0x04, 0x00, 0x00, 0x00, 0x06, 0x02, 0x20, 0xE0, 0x04, 0x00, 0x20, 0x34, 0x80, 0xA1, 0x00, 0x00, 0x06, 0x60, 0x00, 0x00, 0x80, 0x00, 0x16, 0x77};


Timestamp : 000043.532
Library   : v2.7.20

Protocol  : PANASONIC_AC
Code      : 0x0220E004000000060220E00400313480AF00000660008080001616 (216 Bits)
Mesg Desc.: Model: 4 (JKE), Power: On, Mode: 3 (Cool), Temp: 26C, Fan: 7 (Auto), Swing(V): 15 (Auto), Quiet: Off, Powerful: Off, Clock: 00:00, On Timer: Off, Off Timer: Off
uint16_t rawData[439] = {3460, 1752,  422, 450,  420, 1322,  420, 450,  420, 480,  392, 480,  390, 480,  390, 452,  420, 452,  418, 450,  420, 480,  390, 450,  420, 480,  390, 452,  420, 1322,  420, 450,  424, 448,  420, 452,  420, 452,  418, 452,  420, 452,  420, 480,  390, 1322,  422, 1322,  420, 1324,  420, 452,  414, 456,  412, 1328,  414, 458,  410, 462,  410, 462,  410, 460,  412, 460,  410, 460,  410, 460,  410, 460,  412, 458,  412, 458,  412, 460,  412, 460,  410, 458,  412, 458,  412, 460,  412, 460,  412, 458,  412, 460,  412, 458,  412, 460,  412, 458,  412, 458,  412, 458,  392, 478,  430, 442,  422, 474,  370, 500,  404, 442,  430, 440,  418, 452,  424, 1320,  396, 1348,  394, 476,  394, 478,  392, 506,  364, 476,  392, 480,  394, 10078,  3432, 1776,  394, 480,  394, 1348,  392, 480,  392, 480,  392, 476,  394, 478,  392, 478,  394, 476,  392, 478,  394, 478,  392, 478,  394, 476,  394, 478,  396, 1348,  430, 442,  394, 474,  458, 414,  426, 446,  430, 442,  426, 442,  432, 440,  426, 1316,  392, 1350,  412, 1332,  412, 458,  412, 458,  412, 1328,  414, 460,  412, 460,  412, 458,  412, 458,  412, 458,  412, 460,  412, 458,  412, 458,  412, 458,  412, 460,  412, 458,  412, 458,  412, 458,  412, 1328,  414, 460,  412, 460,  412, 460,  410, 1332,  412, 1328,  414, 458,  412, 460,  412, 458,  412, 460,  412, 1330,  412, 462,  410, 1330,  412, 1332,  412, 458,  412, 460,  412, 460,  410, 458,  412, 460,  412, 458,  410, 462,  410, 458,  412, 458,  412, 1330,  412, 1332,  412, 1332,  412, 1330,  412, 1332,  412, 458,  412, 1332,  412, 460,  410, 1330,  412, 460,  412, 460,  412, 460,  412, 458,  412, 460,  412, 460,  412, 458,  412, 460,  412, 460,  412, 458,  412, 460,  412, 458,  412, 460,  412, 458,  412, 460,  412, 458,  412, 458,  412, 1330,  412, 1330,  414, 460,  412, 458,  412, 460,  412, 460,  412, 458,  412, 460,  412, 458,  412, 460,  412, 458,  412, 458,  412, 1332,  412, 1330,  412, 460,  412, 460,  410, 460,  412, 460,  412, 460,  410, 460,  390, 480,  392, 480,  390, 480,  390, 480,  392, 480,  426, 444,  424, 446,  396, 474,  424, 448,  424, 448,  396, 1346,  432, 438,  426, 446,  398, 476,  456, 412,  424, 446,  456, 442,  434, 436,  404, 1312,  428, 444,  422, 448,  386, 484,  390, 482,  394, 476,  390, 480,  392, 480,  392, 478,  392, 508,  364, 1348,  394, 1348,  394, 478,  394, 1348,  394, 478,  392, 480,  390, 480,  396, 474,  394, 1348,  394, 1348,  392, 482,  394, 1346,  430, 444,  394, 502,  396, 448,  422};  // PANASONIC_AC
uint8_t state[27] = {0x02, 0x20, 0xE0, 0x04, 0x00, 0x00, 0x00, 0x06, 0x02, 0x20, 0xE0, 0x04, 0x00, 0x31, 0x34, 0x80, 0xAF, 0x00, 0x00, 0x06, 0x60, 0x00, 0x80, 0x80, 0x00, 0x16, 0x16};


